64639424
61280448
60148160
60074688
59979424
59991552
60042528
60058560
60009536
59983808
59991840
59973376
59984576
59977504
59969280
59994176
60068064
59983872
59977568
59977472
59985184
59973888
59987424
59980928
59973760
60021440
59984608
60007520
59982528
59983200
59984064
59978528
59981696
59991840
59976352
59977728
59978368
59976512
59980384
59982688
59981760
59972512
59985344
59979616
59974080
59982656
59984224
59977888
59981408
59980864
59976064
59983840
59999872
60113632
60322528
59975392
59984608
59981696
60001056
59989312
59977376
59982528
60026880
59990560
59974464
59981760
59984128
59971296
60006464
59985760
59972544
59982784
59979648
59981440
59978944
59999904
60026656
59972288
59981120
59993664
59972640
59980032
59986368
59976416
59977344
59986336
59978720
59972704
59980800
59984672
59980672
59983552
60007520
59971040
59974816
59985248
59969344
59980992
59980736
59975680
59972768
59987840
60008256
60056000
59982592
59979872
59977920
59982912
60058368
60001568
59976480
59993952
59986816
59972832
59983168
60008960
59970848
59989056
59983648
59975104
59985760
59984768
60033824
59973184
59984544
59983616
59971520
59984736
59979296
59973664
59984736
59981952
59984672
59973024
59983232
59982016
59970016
59985280
59986656
59975840
59982912
59983840
59972032
59987616
59983584
59983904
59980544
59984768
59986272
59971776
59982272
59979456
59971072
59980064
59989824
59983072
59976704
59985824
59984928
59979712
59983040
59984896
59977152
59982496
59987488
59980128
59983392
59983616
59986688
59971232
59980768
59978080
59977440
60009248
59981344
59980672
59983712
59981408
59975776
59981152
59988928
59985568
59975360
59982592
59986656
59974624
59984000
59987296
59974336
59982592
59977248
59982720
59969952
59982432
59986272
59976672
59983872
59994368
59969888
59983936
59987040
59975136
59984512
59980224
59982560
59969056
59984064
59988480
59974848
59980320
59985184
59970848
59984704
59983008
60003584
59979296
59985632
59981632
59977376
59982464
59984064
59976960
59981600
59988544
59972736
59978368
59980896
59981344
59975360
60060608
59981376
59977984
59983648
59986304
59980992
59982560
60013376
60008160
60004928
60040608
60006208
59971712
59985568
59984704
59976096
59987008
59981856
59973632
59985152
59979104
59987584
59973664
59989632
59986496
59975488
59988960
